44 44
12.5 27.5
12.5 12.5
27.5 12.5
27.5 27.5
12.5 57.5
12.5 42.5
27.5 42.5
27.5 57.5
42.5 27.5
42.5 12.5
57.5 12.5
57.5 27.5
42.5 47.5
42.5 32.5
57.5 32.5
57.5 47.5
2.5 37.5
2.5 32.5
7.5 32.5
7.5 37.5
42.5 67.5
42.5 62.5
47.5 62.5
47.5 67.5
62.5 17.5
62.5 12.5
67.5 12.5
67.5 17.5
2.5 47.5
2.5 42.5
7.5 42.5
7.5 47.5
12.5 7.5
12.5 2.5
17.5 2.5
17.5 7.5
62.5 37.5
62.5 32.5
67.5 32.5
67.5 37.5
0 70
0 0
70 0
70 70
0 1
1 2
2 3
0 3
4 5
5 6
6 7
4 7
8 9
9 10
10 11
8 11
12 13
13 14
14 15
12 15
16 17
17 18
18 19
16 19
20 21
21 22
22 23
20 23
24 25
25 26
26 27
24 27
28 29
29 30
30 31
28 31
32 33
33 34
34 35
32 35
36 37
37 38
38 39
36 39
40 41
41 42
42 43
40 43
