52 52
32.5 27.5
32.5 12.5
47.5 12.5
47.5 27.5
42.5 47.5
42.5 32.5
57.5 32.5
57.5 47.5
22.5 57.5
22.5 42.5
37.5 42.5
37.5 57.5
12.5 37.5
12.5 22.5
27.5 22.5
27.5 37.5
2.5 17.5
2.5 12.5
7.5 12.5
7.5 17.5
12.5 67.5
12.5 62.5
17.5 62.5
17.5 67.5
22.5 7.5
22.5 2.5
27.5 2.5
27.5 7.5
62.5 67.5
62.5 62.5
67.5 62.5
67.5 67.5
2.5 7.5
2.5 2.5
7.5 2.5
7.5 7.5
2.5 27.5
2.5 22.5
7.5 22.5
7.5 27.5
2.5 57.5
2.5 52.5
7.5 52.5
7.5 57.5
62.5 27.5
62.5 22.5
67.5 22.5
67.5 27.5
0 70
0 0
70 0
70 70
0 1
1 2
2 3
0 3
4 5
5 6
6 7
4 7
8 9
9 10
10 11
8 11
12 13
13 14
14 15
12 15
16 17
17 18
18 19
16 19
20 21
21 22
22 23
20 23
24 25
25 26
26 27
24 27
28 29
29 30
30 31
28 31
32 33
33 34
34 35
32 35
36 37
37 38
38 39
36 39
40 41
41 42
42 43
40 43
44 45
45 46
46 47
44 47
48 49
49 50
50 51
48 51
